"Epic","Feature","Story","FAILED","BROKEN","PASSED","SKIPPED","UNKNOWN"
"","测试DDT模块","","0","0","1","0","0"
"","测试小米运动模块","小米Life-步数1","0","0","1","0","0"
